16625.08
16688.47
16679.86
16863.24
16836.74
16951.97
16955.08
17091.14
17196.55
17446.29
17934.9
18869.59
19909.57
20976.3
20880.8
21169.63
21161.52
20688.78
21086.79
22676.55
22777.62
22720.42
22934.43
22636.47
23117.86
23032.78
23078.73
23031.09
23774.57
22840.14
23139.28
23723.77
23471.87
23449.32
23331.85
22955.67
22760.11
23264.29
22939.4
21819.04
21651.18
21870.88
21788.2
21808.1
22220.8
24307.84
23623.47
24565.6
24641.28
24327.64
24829.15
24436.35
24188.84
23947.49
23198.13
23175.38
23561.21
23522.87
23147.35
23646.55
23475.47
22362.68
22353.35
22435.51
22429.76
22219.77
21718.08
20363.02
20187.24
20632.41
22163.95
24197.53
24746.07
24375.96
25052.79
27423.93
26965.88
28038.68
27767.24
28175.82
27307.44
28333.97
27493.29
27494.71
27994.33
27139.89
27268.13
28348.44
28033.56
28478.48
28411.04
28199.31
27790.22
28168.09
28177.98
28044.14
27925.86
27947.79
28333.05
29652.98
30235.06
30139.05
30399.07
30485.7
30318.5
30315.36
29445.04
30397.55
28822.68
28245.99
27276.91
27817.5
27591.38
27525.34
28307.6
28422.7
29473.79
29340.26
29248.49
29268.81
28091.57
28680.54
29006.31
28847.71
29534.38
28904.62
28454.98
27694.27
27658.78
27621.76
27000.79
26804.99
26784.08
26930.64
27192.69
27036.65
27398.8
26832.21
26890.13
27129.59
26753.83
26851.28
27225.73
26334.82
26476.21
26719.29
26868.35
28085.65
27745.88
27702.35
27219.66
26819.97
27249.59
27075.13
27119.07
25760.1
27238.78
26346.0
26508.22
26480.38
25851.24
25940.17
25902.5
25918.73
25124.68
25576.39
26327.46
26510.68
26336.21
26851.03
28327.49
30027.3
29912.28
30695.47
30548.7
30480.26
30271.13
30688.16
30086.25
30445.35
30477.25
30590.08
30620.77
31156.44
30777.58
30514.17
29909.34
30342.27
30292.54
30171.23
30414.47
30620.95
30391.65
31476.05
30334.07
30295.81
30249.13
30145.89
29856.56
29913.92
29792.02
29908.74
29771.8
30084.54
29176.92
29227.39
29354.97
29210.69
29319.25
29356.92
29275.31
29230.11
29675.73
29151.96
29178.68
29074.09
29042.13
29041.86
29180.58
29765.49
29561.49
29429.59
29397.71
29415.96
29282.91
29408.44
29170.35
28701.78
26664.55
26049.56
26096.21
26189.58
26124.14
26031.66
26431.64
26162.37
26047.67
26008.46
26089.69
26106.15
27727.39
27297.27
25931.47
25800.72
25868.8
25969.57
25812.42
25779.98
25753.24
26240.2
25905.65
25895.68
25832.23
25162.65
25833.34
26228.32
26539.67
26608.69
26568.28
26534.19
26754.28
27211.12
27132.01
26567.63
26579.57
26579.39
26256.83
26298.48
26217.25
26352.72
27021.55
26911.72
26967.92
27983.75
27530.79
27429.98
27799.39
27415.91
27946.6
27968.84
27935.09
27583.68
27391.02
26873.32
26756.8
26862.38
26861.71
27159.65
28519.47
28415.75
28328.34
28719.81
29682.95
29918.41
29993.9
33086.23
33901.53
34502.82
34156.65
33909.8
34089.57
34538.48
34502.36
34667.78
35437.25
34938.24
34732.32
35082.2
35049.36
35037.37
35443.56
35655.28
36693.12
37313.97
37138.05
37054.52
36502.36
35537.64
37880.58
36154.77
36596.68
36585.7
37386.55
37476.96
35813.81
37432.34
37289.62
37720.28
37796.79
37479.12
37254.17
37831.09
37858.49
37712.75
38688.75
39476.33
39978.39
41980.1
44080.65
43746.45
43292.66
44166.6
43725.98
43779.7
41243.83
41450.22
42890.74
43023.97
41929.76
42240.12
41364.66
42623.54
42270.53
43652.25
43869.15
43997.9
43739.54
43016.12
43613.14
42520.4
43442.86
42627.86
42099.4
42156.9
42265.19
44167.33
44957.97
42848.18
44179.92
44162.69
43989.2
43943.1
46970.5
46139.73
46627.78
46368.59
42853.17
42842.38
41796.27
42511.97
43154.95
42742.65
41262.06
41618.41
41665.59
41545.79
39507.37
39845.55
40077.07
39933.81
41816.87
42120.05
42035.59
43288.25
42952.61
42582.61
43075.77
43185.86
42992.25
42583.58
42658.67
43084.67
44318.22
45301.57
47147.2
47771.28
48293.92
49958.22
49742.44
51826.7
51938.55
52160.2
51663.0
52122.55
51779.14
52284.88
51839.18
51304.97
50731.95
51571.1
51733.24
54522.4
57085.37
62504.79
61198.38
62440.63
62029.85
63167.37
68330.41
63801.2
66106.8
66925.48
68300.09
68498.88
69019.79
72123.91
71481.29
73083.5
71396.59
69403.77
65315.12
68390.62
67548.59
61912.77
67913.67
65491.39
63778.76
64062.2
67234.17
69958.81
69987.84
69455.34
70744.95
69892.83
69645.3
71333.65
69702.15
65446.97
65980.81
68508.84
67837.64
68896.11
69362.55
71631.36
69139.02
70587.88
70060.61
67195.87
63821.47
65738.73
63426.21
63811.86
61276.69
63512.75
63843.57
64994.44
64926.64
66837.68
66407.27
64276.9
64481.71
63755.32
63419.14
63113.23
63841.12
60636.86
58254.01
59123.43
62889.84
63891.47
64031.13
63161.95
62334.82
61187.94
63049.96
60792.78
60793.71
61448.39
62901.45
61552.79
66267.49
65231.58
67051.88
66940.8
66278.37
71448.2
70136.53
69122.34
67929.56
68526.1
69265.95
68518.09
69394.55
68296.22
67578.09
68364.99
67491.41
67706.94
67751.6
68804.78
70567.77
71082.82
70757.16
69342.59
69305.77
69647.99
69512.28
67332.03
68241.19
66756.4
66011.09
66191.0
66639.05
66490.3
65140.75
64960.3
64828.66
64096.2
64252.58
63180.8
60277.41
61804.64
60811.28
61604.8
60320.14
60887.38
62678.29
62851.98
62029.02
60173.92
56977.7
56662.38
58303.54
55849.11
56705.1
58009.23
57742.5
57344.91
57899.46
59231.95
60787.79
64870.15
65097.15
64118.79
63974.07
66710.16
67163.65
68154.52
67585.25
65927.67
65372.13
65777.23
67912.06
67813.34
68255.87
66819.91
66201.02
64619.25
65357.5
61415.07
60680.09
58116.98
53991.46
56034.32
55027.46
61710.14
60880.11
60945.81
58719.48
59354.52
60609.57
58737.27
57560.1
58894.11
59478.97
58483.96
59493.45
59012.79
61175.19
60381.91
64094.36
64178.99
64333.54
62880.66
59504.13
59027.62
59388.18
59119.48
58969.9
57325.49
59112.48
57431.02
57971.54
56160.49
53948.75
54139.69
54841.57
57019.54
57648.71
57343.17
58127.01
60571.3
60005.12
59182.84
58192.51
60308.54
61649.68
62940.46
63192.98
63394.84
63648.71
63329.8
64301.97
63143.14
65181.02
65790.66
65887.65
65635.3
63329.5
60837.01
60632.79
60759.4
62067.48
62089.95
62818.95
62236.66
62131.97
60582.1
60274.5
62445.09
63193.02
62851.38
66046.12
67041.11
67612.72
67399.84
68418.79
68362.73
69001.7
67367.85
67361.41
66432.2
68161.05
66642.41
67014.7
67929.3
69907.76
72720.49
72339.54
70215.19
69482.47
69289.27
68741.12
67811.51
69359.56
75639.08
75904.86
76545.48
76778.87
80474.19
88701.48
87955.81
90584.16
87250.43
91066.01
90558.48
89845.85
90542.64
92343.79
94339.49
98504.73
98997.66
97777.28
98013.82
93102.3
91985.32
95962.53
95652.47
97461.52
96449.05
97279.79
95865.3
96002.16
98768.53
96593.57
99920.71
99923.34
101236.02
97432.72
96675.43
101173.03
100043.0
101459.26
101372.97
104298.7
106029.72
106140.6
100041.54
97490.95
97755.93
97224.73
95104.94
94686.24
98676.09
99299.2
95795.52
94164.86
95163.93
93530.23
92643.21
93429.2
94419.76
96886.88
98107.43
98236.23
98314.96
102078.09
96922.7
95043.52
92484.04
94701.45
94566.59
94488.44
94516.52
96534.05
100504.49
99756.91
104462.04
104408.07
101089.61
102016.66
106146.27
103653.07
103960.17
104819.48
104714.65
102682.5
102087.69
101332.48
103703.21
104735.3
102405.02
100655.91
97688.98
101405.42
97871.82
96615.45
96593.3
96529.09
96482.45
96500.09
97437.55
95747.43
97885.86
96623.87
97508.97
97580.35
96175.03
95773.38
95539.55
96635.61
98333.94
96125.55
96577.76
96273.92
91418.17
88736.17
84347.02
84704.23
84373.01
86031.91
94248.35
86065.67
87222.2
90623.56
89961.73
86742.67
